NAME: multi_modal_data
TYPE: MM

VEHICLES: 2
DIMENSION: 50

NUM_T: 2
NUM_D: 1

MAXIMUM_SYSTEM_DURATION: 300
UNIT: MIN

SERVICETIME: 5
UNIT: MIN

TAKEOFF_LANDING_TIME: 2
UNIT: MIN

MAX_WAITING_TIME: 99999999
UNIT: MIN

INIT_SOC: 100
MAX_SOC: 100
MIN_SOC_T: 3
MIN_SOC_D: 3
UNIT: %

DEMAND_T: 26
DEMAND_D: 0
UNIT: EA

MASS_T: 1940
MASS_D: 15
UNIT: KG

LIFT_TO_DRAG: 3
POWER_MOTOR_PROP: 0.5
UNIT: RATIO

POWER_ELEC: 0.1
UNIT: KW

CARGO_LIMIT_TRUCK: 99999999999999
UNIT: KG

CARGO_LIMIT_DRONE: 6
UNIT: KG

BATTERY_KWH_T: 100
BATTERY_KWH_D: 0.3
UNIT: KWH 

ENERGY_KWH/KM_T: 1.0
ENERGY_KWH/KM_D: 0.1
UNIT: KWH/KM

CHARGING_KW_D: 0.5
CHARGING_KW_T: 80
UNIT: KW 

LOSISTIC_KWH/KG_T: 0.001
LOSISTIC_KWH/KG_D: 0.001
UNIT: KWH/KG

SPEED_T: 0.3
SPEED_D: 1.0
UNIT: KM/MIN

ALTITUDE: 100
UNIT: M

CURVY_AIR: 1.0
UNIT: RATIO

CURVY_ROAD: 1.2
UNIT: RATIO

DEPOT_SECTION
0

EDGE_KM_D_TYPE: EUC_2D(haversine)
EDGE_KM_T_TYPE: MAN_2D(haversine)
EDGE_KM_D_FORMAT : FULL_MATRIX
EDGE_KM_T_FORMAT : FULL_MATRIX

NODE_COORD_SECTION
0	37.55995472	126.90545163
1	37.54367649	126.94911198
2	37.55958881	126.88662774
3	37.56964092	126.86466898
4	37.56173015	126.87802345
5	37.55254263	126.92092363
6	37.55907396	126.92081513
7	37.54739186	126.95051020
8	37.57279424	126.85371479
9	37.54260010	126.91094090
10	37.57588544	126.86934507
11	37.55262792	126.95533880
12	37.55675857	126.89527124
13	37.56204615	126.91097931
14	37.57095337	126.89613843
15	37.56626030	126.90847567
16	37.55691707	126.89294918
17	37.55735612	126.90789256
18	37.54222432	126.91210862
19	37.54277299	126.93155664
20	37.58507052	126.88642286
21	37.56029853	126.87403429
22	37.57680559	126.86548268
23	37.53744004	126.94128633
24	37.55241993	126.89081087
25	37.55729047	126.93063454
26	37.54211386	126.92807581
27	37.56983656	126.86496072
28	37.54667436	126.93625129
29	37.55556788	126.91260839
30	37.56014479	126.88226366
31	37.57400933	126.90099264
32	37.54527956	126.95296275
33	37.55007407	126.93905108
34	37.56964192	126.90519319
35	37.58347914	126.88317724
36	37.55205913	126.94147035
37	37.55752266	126.92627692
38	37.55280056	126.89850953
39	37.55131929	126.90411293
40	37.56279341	126.88567708
41	37.57572784	126.87549151
42	37.54899656	126.92433621
43	37.57559086	126.86070404
44	37.55663726	126.94320899
45	37.57991947	126.88973485
46	37.55298588	126.93478233
47	37.56842467	126.88013212
48	37.58010001	126.89087057
49	37.56391575	126.90222184

EDGE_KM_D
0.00000000	4.25328367	1.65975523	3.75249158	2.42570529	1.59355329	1.35777762	4.21055421	4.77828208	1.98949771	3.64211949	4.47240597	0.96519375	0.53989051	1.47293349	0.75010474	1.15266495	0.36026077	2.05702359	2.99101604	3.25759103	2.76957391	3.99003264	4.03087497	1.53869698	2.23949636	2.81308466	3.73420480	3.09071317	0.79745024	2.04403639	1.61146182	4.49498823	3.15906512	1.07741031	3.27049450	3.29422494	1.85551095	1.00364991	0.96744197	1.77136693	3.16999154	2.06301596	4.31014952	3.34861852	2.61668928	2.69913364	2.42228304	2.58250104	0.52444216
4.25328367	0.00000000	5.78555714	7.98394534	6.58046966	2.67350040	3.02557670	0.43113041	9.01086744	3.36751855	7.89076467	1.13670004	4.96437682	3.93349791	5.56815718	4.37471395	5.16543761	3.93931574	3.26643980	1.55103905	7.19143551	6.87174596	8.24077406	0.97824499	5.23097953	2.22373501	1.86280217	7.96788044	1.18183094	3.47915503	6.17101076	5.41916406	0.38345221	1.13701494	4.82950811	7.30499906	1.15007987	2.53434731	4.57502117	4.05715925	5.98243950	7.40363390	2.26297511	8.56282166	1.53225045	6.60554230	1.63324191	6.67433959	6.53892153	4.70646410
1.65975523	5.78555714	0.00000000	2.23502955	0.79492606	3.12308359	3.01405425	5.79248960	3.25136813	2.85701993	2.36727510	6.10618011	0.82434585	2.16379277	1.51644128	2.06367883	0.63147175	1.89081730	2.96210832	4.37995603	2.83349871	1.11286596	2.67174089	5.41158363	0.87830080	3.88751600	4.13847393	2.22386423	4.60419504	2.33340205	0.38961407	2.04308027	6.06036165	4.74079287	1.98174403	2.67383676	4.90639623	3.50252898	1.29103442	1.79479157	0.36605595	2.04545582	3.52660117	2.89595876	4.99832630	2.27719507	4.30787713	1.13714940	2.31119608	1.45630057
3.75249158	7.98394534	2.23502955	0.00000000	1.46942917	5.31055415	5.08635063	7.96089140	1.02712495	5.06737698	0.80744585	8.21290850	3.05411811	4.16819983	2.77736181	3.87923164	2.86621584	4.04729910	5.17510802	6.60988866	2.57269794	1.32685673	0.79989661	7.64450462	2.99607713	5.97431621	6.37259933	0.03368056	6.80705490	4.50597441	1.87615379	3.23792166	8.24094829	6.90807789	3.57158708	2.24234377	7.04630138	5.59492566	3.52192692	4.02972399	2.00206571	1.16954789	5.73861319	0.74821358	7.07209532	2.48717550	6.45162515	1.36954404	2.58544711	3.37050219
2.42570529	6.58046966	0.79492606	1.46942917	0.00000000	3.91719055	3.78344353	6.58578772	2.47060594	3.59799463	1.75000144	6.89004453	1.61772610	2.90506752	1.89763768	2.73095802	1.42034541	2.67740702	3.70582751	5.16861251	2.69883597	0.38598045	2.00790440	6.19674973	1.53046907	4.66369226	4.92209573	1.46222061	5.39906666	3.12463847	0.41323960	2.44184105	6.85475486	5.53357017	2.55120651	2.46066425	5.69527257	4.27902726	2.06080965	2.57471649	0.68489796	1.57238918	4.32110525	2.16921881	5.77375006	2.27070927	5.09685209	0.76724891	2.33546012	2.14671229
1.59355329	2.67350040	3.12308359	5.31055415	3.91719055	0.00000000	0.72631498	2.67043272	6.33754877	1.41308606	5.23497928	3.03387803	2.30940060	1.37299279	2.99394875	1.87899052	2.51352608	1.26729043	1.38576615	1.43487594	4.72529476	4.22232256	5.58189855	2.45827076	2.65462383	1.00574133	1.31997058	5.29440700	1.50056404	0.80651720	3.51116722	2.96377127	2.93773468	1.62145215	2.35323151	4.78553710	1.81209714	0.72755506	1.97611702	1.48818742	3.30942792	4.76256628	0.49596679	5.89417127	2.01658031	4.10166178	1.22270222	4.00587302	4.05042210	2.07772645
1.35777762	3.02557670	3.01405425	5.08635063	3.78344353	0.72631498	0.00000000	2.92231868	6.10776742	2.02812065	4.90649149	3.12656294	2.26632784	0.92783841	2.54470416	1.34962555	2.46802065	1.15500590	2.02471885	2.04503397	4.18847976	4.12581181	5.26030767	3.00731230	2.74644972	0.88799122	1.99154379	5.06642279	1.93719001	0.82178029	3.40026389	2.41049587	3.22245482	1.89359020	1.81019772	4.28575691	1.98082743	0.51141492	2.08633099	1.70624737	3.12473370	4.40305690	1.16275222	5.60733988	1.99249525	3.58835075	1.40505554	3.73356707	3.52581245	1.72505809
4.21055421	0.43113041	5.79248960	7.96089140	6.58578772	2.67043272	2.92231868	0.00000000	8.98752425	3.52903474	7.82441045	0.72124050	4.97975219	3.84689819	5.46205737	4.25810284	5.18367059	3.91693384	3.43405239	1.74816341	7.03276718	6.89267272	8.17720606	1.37328430	5.29258683	2.06917543	2.06314234	7.94325049	1.25961488	3.46275247	6.18103262	5.27360776	0.31924820	1.05333535	4.69871791	7.16398410	0.95102387	2.41509876	4.62354583	4.11356764	5.96623608	7.32477535	2.31438791	8.51430547	1.21290819	6.46357605	1.51966761	6.62992574	6.39225377	4.63629633
4.77828208	9.01086744	3.25136813	1.02712495	2.47060594	6.33754877	6.10776742	8.98752425	0.00000000	6.05957868	1.41972033	9.23384389	4.07376027	5.18670980	3.74448003	4.88071804	3.88272297	5.07441614	6.16847006	7.63059669	3.18925714	2.26672040	1.12893869	8.66293972	3.97792915	6.99546257	7.38948583	1.04427454	7.83360934	5.53308439	2.88269367	4.16879627	9.26798411	7.93484170	4.55045507	2.85529654	8.07137226	6.61722103	4.53121779	5.04340307	3.02860369	1.94668984	6.76402148	0.69000411	8.09006779	3.27171069	7.47727742	2.37840987	3.37367970	4.38773367
1.98949771	3.36751855	2.85701993	5.06737698	3.59799463	1.41308606	2.02812065	3.52903474	6.05957868	0.00000000	5.20981645	4.06987634	2.09448788	2.16230709	3.41209503	2.63985750	2.24725492	1.66265806	0.11111042	1.81771982	5.19347576	3.80243307	5.52470435	2.73637817	2.08369171	2.38380559	1.51169929	5.05968562	2.27699437	1.44942774	3.19329432	3.60095936	3.71681931	2.61389047	3.04930533	5.16242045	2.88972199	2.14037403	1.57722059	1.14120565	3.16257617	4.83045844	1.37861205	5.75034750	3.24478257	4.55128114	2.39823664	3.95242319	4.52956393	2.49170670
3.64211949	7.89076467	2.36727510	0.80744585	1.75000144	5.23497928	4.90649149	7.82441045	1.41972033	5.20981645	0.00000000	8.00861869	3.12169809	3.97906705	2.42415390	3.61095228	2.96257908	3.97343395	5.31212844	6.60516840	1.81877090	1.78178284	0.35542542	7.64795887	3.22303044	5.78414127	6.39551542	0.77569376	6.73274655	4.43221387	2.08803711	2.79683949	8.11827291	6.78136982	3.23470856	1.48282420	6.88719061	5.41739199	3.63276724	4.10524076	2.04724225	0.54195316	5.69507537	0.76221632	6.85306187	1.85199039	6.30476156	1.26175778	1.95396125	3.18863756
4.47240597	1.13670004	6.10618011	8.21290850	6.89004453	3.03387803	3.12656294	0.72124050	9.23384389	4.06987634	8.00861869	0.00000000	5.31497863	4.04806588	5.60190521	4.40017834	5.52042479	4.21539478	3.98291322	2.36574749	7.06445826	7.21758635	8.36381953	2.09452329	5.68849988	2.23859365	2.67278713	8.19292934	1.80826128	3.78097407	6.49559912	5.34774954	0.84352422	1.46367729	4.80793147	7.22625978	1.22420952	2.61903690	5.00980241	4.51818847	6.24376438	7.49190988	2.76275956	8.72328098	1.15848873	6.53020950	1.81258354	6.85789010	6.45121795	4.84747511
0.96519375	4.96437682	0.82434585	3.05411811	1.61772610	2.30940060	2.26632784	4.97975219	4.07376027	2.09448788	3.12169809	5.31497863	0.00000000	1.50427636	1.58024154	1.57192212	0.20544617	1.11454568	2.19436076	3.55683726	3.24329878	1.91292695	3.44416871	4.59038888	0.62237050	3.11782076	3.31895100	3.04176739	3.78265132	1.53400457	1.20683334	1.98337846	5.24361682	3.93028452	1.67841260	3.15660131	4.10596258	2.73445319	0.52458264	0.98656407	1.07957930	2.73649387	2.70367255	3.69696075	4.22573211	2.62119649	3.50815886	1.86102187	2.62427306	1.00435262
0.53989051	3.93349791	2.16379277	4.16819983	2.90506752	1.37299279	0.92783841	3.84689819	5.18670980	2.16230709	3.97906705	4.04806588	1.50427636	0.00000000	1.64072156	0.51795374	1.68853037	0.58821878	2.20633697	2.80773434	3.35234231	3.26229938	4.33270025	3.82422572	2.07519293	1.81144375	2.68026222	4.14750570	2.80796375	0.73452435	2.53994870	1.59508444	4.14405203	2.80990556	0.98663816	3.41810503	2.90815056	1.43918584	1.50504326	1.33755856	2.23176673	3.47810260	1.86865844	4.68000953	2.90391050	2.73047861	2.32754482	2.80985510	2.67785414	0.79941016
1.47293349	5.56815718	1.51644128	2.77736181	1.89763768	2.99394875	2.54470416	5.46205737	3.74448003	3.41209503	2.42415390	5.60190521	1.58024154	1.64072156	0.00000000	1.20609352	1.58588073	1.83284693	3.49096619	4.42340341	1.78806781	2.28020458	2.77894550	5.45221867	2.11365318	3.39895885	4.26725583	2.75061327	4.44866572	2.24370957	1.71464051	0.54634088	5.76538208	4.43823097	0.81124493	1.80126486	4.51441964	3.04745646	2.02929448	2.29357892	1.29361596	1.89548499	3.48406364	3.16513457	4.44378544	1.14562330	3.94891201	1.43845853	1.11800535	0.94861298
0.75010474	4.37471395	2.06367883	3.87923164	2.73095802	1.87899052	1.34962555	4.25810284	4.88071804	2.63985750	3.61095228	4.40017834	1.57192212	0.51795374	1.20609352	0.00000000	1.71823768	0.99143414	2.69180162	3.31068286	2.85514346	3.10727696	3.96636549	4.31696205	2.18929497	2.19309879	3.19286151	3.85581756	3.27686894	1.24349745	2.40838221	1.08508178	4.56305706	3.24088138	0.47443639	2.93881112	3.30941832	1.84552219	1.73542826	1.70529474	2.04612747	3.09174485	2.37480083	4.33621409	3.24315175	2.24382804	2.74877090	2.50969186	2.18529897	0.60975536
1.15266495	5.16543761	0.63147175	2.86621584	1.42034541	2.51352608	2.46802065	5.18367059	3.88272297	2.24725492	2.96257908	5.52042479	0.20544617	1.68853037	1.58588073	1.71823768	0.00000000	1.31815464	2.34991845	3.74936803	3.18292761	1.70917576	3.27890714	4.78022240	0.53440713	3.32220404	3.50700277	2.85476221	3.98361513	1.73945073	1.00796864	2.02849567	5.44654715	4.13467301	1.77953965	3.07657631	4.31124055	2.93858950	0.67065247	1.16444248	0.91534144	2.59665989	2.90369245	3.51977139	4.43050437	2.57339538	3.71349446	1.70693993	2.58433088	1.12857231
0.36026077	3.93931574	1.89081730	4.04729910	2.67740702	1.26729043	1.15500590	3.91693384	5.07441614	1.66265806	3.97343395	4.21539478	1.11454568	0.58821878	1.83284693	0.99143414	1.31815464	0.00000000	1.72314463	2.64227490	3.61625064	3.00240017	4.31846845	3.68396721	1.60270497	2.00470114	2.45734441	4.03053572	2.76779010	0.46081070	2.28030647	1.94906397	4.19401390	2.86359850	1.38668554	3.63075314	3.01799318	1.62067012	0.96992033	0.74940647	2.04941643	3.51121868	1.72200994	4.62704009	3.11415542	2.97587808	2.41968016	2.73897833	2.94051379	0.88423395
2.05702359	3.26643980	2.96210832	5.17510802	3.70582751	1.38576615	2.02471885	3.43405239	6.16847006	0.11111042	5.31212844	3.98291322	2.19436076	2.20633697	3.49096619	2.69180162	2.34991845	1.72314463	0.00000000	1.71575398	5.27485251	3.91218757	5.62827864	2.62702506	2.19334921	2.33964684	1.40783520	5.16724029	2.18528444	1.48439306	3.30045932	3.66764982	3.61790156	2.53060938	3.10905187	5.24848370	2.81008975	2.11041832	1.67940928	1.23274610	3.26503084	4.92918188	1.31499121	5.85637399	3.17580666	4.63228891	2.32973253	4.05377887	4.60889978	2.56461873
2.99101604	1.55103905	4.37995603	6.60988866	5.16861251	1.43487594	2.04503397	1.74816341	7.63059669	1.81771982	6.60516840	2.36574749	3.55683726	2.80773434	4.42340341	3.31068286	3.74936803	2.64227490	1.71575398	0.00000000	6.16007604	5.43250559	6.94561936	1.04286841	3.74892003	1.61631762	0.31552420	6.59684629	0.59958850	2.19421571	4.75547100	4.39573358	1.90773871	1.04673245	3.78511131	6.21865269	1.35280726	1.70485755	3.11952760	2.59941210	4.61668424	6.15231756	0.94028257	7.23340501	1.85253669	5.53627308	1.17068832	5.35585365	5.48529782	3.49490285
3.25759103	7.19143551	2.83349871	2.57269794	2.69883597	4.72529476	4.18847976	7.03276718	3.18925714	5.19347576	1.81877090	7.06445826	3.24329878	3.35234231	1.78806781	2.85514346	3.18292761	3.61625064	5.27485251	6.16007604	0.00000000	2.96301610	2.06146528	7.17193286	3.65112560	4.97239057	6.02449546	2.53903071	6.12507345	4.01099512	2.79575199	1.77799230	7.34662154	6.05466075	2.38315422	0.33631244	6.08380498	4.66051339	3.74304738	4.06395180	2.47797722	1.41674299	5.22076342	2.49953012	5.91974854	0.64284082	5.55826717	1.93217542	0.67755585	2.73349148
2.76957391	6.87174596	1.11286596	1.32685673	0.38598045	4.22232256	4.12581181	6.89267272	2.26672040	3.80243307	1.78178284	7.21758635	1.91292695	3.26229938	2.28020458	3.10727696	1.70917576	3.00240017	3.91218757	5.43250559	2.96301610	0.00000000	1.98422403	6.45075226	1.71887073	5.00036894	5.17546176	1.32831668	5.69004102	3.44069725	0.72558552	2.82310284	7.15552010	5.84301816	2.93629668	2.70058442	6.01471472	4.61538165	2.31298637	2.83322283	1.06307984	1.72046349	4.60888172	2.06683810	6.11117782	2.58356703	5.41632526	1.05135231	2.65515514	2.51689742
3.99003264	8.24077406	2.67174089	0.79989661	2.00790440	5.58189855	5.26030767	8.17720606	1.12893869	5.52470435	0.35542542	8.36381953	3.44416871	4.33270025	2.77894550	3.96636549	3.27890714	4.31846845	5.62827864	6.94561936	2.06146528	1.98422403	0.00000000	7.98812656	3.51231943	6.13866962	6.73217259	0.77628608	7.08067654	4.77799310	2.37056726	3.14482435	8.47036114	7.13326887	3.58921178	1.72685500	7.24084341	5.77134065	3.94952718	4.42998343	2.36546001	0.89015093	6.03921168	0.44225797	7.20837990	2.16507286	6.65762901	1.59227438	2.26708012	3.54100403
4.03087497	0.97824499	5.41158363	7.64450462	6.19674973	2.45827076	3.00731230	1.37328430	8.66293972	2.73637817	7.64795887	2.09452329	4.59038888	3.82422572	5.45221867	4.31696205	4.78022240	3.68396721	2.62702506	1.04286841	7.17193286	6.45075226	7.98812656	0.00000000	4.75163339	2.39872851	1.27545500	7.63202694	1.11866470	3.23349367	5.78353212	5.39918850	1.34897596	1.41859752	4.79007755	7.24174713	1.62565261	2.59569946	4.14010398	3.62256482	5.65518400	7.19468409	1.97093788	8.27366895	2.14135581	6.55444051	1.82124601	6.39791977	6.50006796	4.53064986
1.53869698	5.23097953	0.87830080	2.99607713	1.53046907	2.65462383	2.74644972	5.29258683	3.97792915	2.08369171	3.22303044	5.68849988	0.62237050	2.07519293	2.11365318	2.18929497	0.53440713	1.60270497	2.19334921	3.74892003	3.65112560	1.71887073	3.51231943	4.75163339	0.00000000	3.55207144	3.47945373	2.99038410	4.05658043	1.95314289	1.14258385	2.56290021	5.53648929	4.26067559	2.29659802	3.51855576	4.46607846	3.17747337	0.67999216	1.17902112	1.23907490	2.92237213	2.97990860	3.69867664	4.64277030	3.05928415	3.87680109	2.01324745	3.07789349	1.62657445
2.23949636	2.22373501	3.88751600	5.97431621	4.66369226	1.00574133	0.88799122	2.06917543	6.99546257	2.38380559	5.78414127	2.23859365	3.11782076	1.81144375	3.39895885	2.19309879	3.32220404	2.00470114	2.33964684	1.61631762	4.97239057	5.00036894	6.13866962	2.39872851	3.55207144	0.00000000	1.70257345	5.95434430	1.28009966	1.60051267	4.27557235	3.20653450	2.37869694	1.09287541	2.62961400	5.09648007	1.11838480	0.38498729	2.87555334	2.43040723	4.00978406	5.27492061	1.07647682	6.49079384	1.11081048	4.39607860	0.60232375	4.62038252	4.32611592	2.61055174
2.81308466	1.86280217	4.13847393	6.37259933	4.92209573	1.31997058	1.99154379	2.06314234	7.38948583	1.51169929	6.39551542	2.67278713	3.31895100	2.68026222	4.26725583	3.19286151	3.50700277	2.45734441	1.40783520	0.31552420	6.02449546	5.17546176	6.73217259	1.27545500	3.47945373	1.70257345	0.00000000	6.36056230	0.88129985	2.02422202	4.50893042	4.27526491	2.22222281	1.31138455	3.66584556	6.06779523	1.61784348	1.72070631	2.86467928	2.34752518	4.38835192	5.95442905	0.83331723	7.00887800	2.09472602	5.39382318	1.34575464	5.14014258	5.34751081	3.32739032
3.73420480	7.96788044	2.22386423	0.03368056	1.46222061	5.29440700	5.06642279	7.94325049	1.04427454	5.05968562	0.77569376	8.19292934	3.04176739	4.14750570	2.75061327	3.85581756	2.85476221	4.03053572	5.16724029	6.59684629	2.53903071	1.32831668	0.77628608	7.63202694	2.99038410	5.95434430	6.36056230	0.00000000	6.79143528	4.48950477	1.86742200	3.20928130	8.22385218	6.89057350	3.54593539	2.20871342	7.02767789	5.57526661	3.51185656	4.01865576	1.98677961	1.13599243	5.72381908	0.74171582	7.05141205	2.45435221	6.43329007	1.34632011	2.55270805	3.34945812
3.09071317	1.18183094	4.60419504	6.80705490	5.39906666	1.50056404	1.93719001	1.25961488	7.83360934	2.27699437	6.73274655	1.80826128	3.78265132	2.80796375	4.44866572	3.27686894	3.98361513	2.76779010	2.18528444	0.59958850	6.12507345	5.69004102	7.08067654	1.11866470	4.05658043	1.28009966	0.88129985	6.79143528	0.00000000	2.30698149	4.98935823	4.34714529	1.48146749	0.45147770	3.74398159	6.21545272	0.75512337	1.49273744	3.39626261	2.87998009	4.80503736	6.25457963	1.08171015	7.39473524	1.26629022	5.52050900	0.71365835	5.50641051	5.46021602	3.56005631
0.79745024	3.47915503	2.33340205	4.50597441	3.12463847	0.80651720	0.82178029	3.46275247	5.53308439	1.44942774	4.43221387	3.78097407	1.53400457	0.73452435	2.24370957	1.24349745	1.73945073	0.46081070	1.48439306	2.19421571	4.01099512	3.44069725	4.77799310	3.23349367	1.95314289	1.60051267	2.02422202	4.48950477	2.30698149	0.00000000	2.72283112	2.29197619	3.73695237	2.40975960	1.69596661	4.04483101	2.57401955	1.22433135	1.28038229	0.88546379	2.50619100	3.96580414	1.26601907	5.08783830	2.70008242	3.37584352	1.97566788	3.19970974	3.33344467	1.30377906
2.04403639	6.17101076	0.38961407	1.87615379	0.41323960	3.51116722	3.40026389	6.18103262	2.88269367	3.19329432	2.08803711	6.49559912	1.20683334	2.53994870	1.71464051	2.40838221	1.00796864	2.28030647	3.30045932	4.75547100	2.79575199	0.72558552	2.37056726	5.78353212	1.14258385	4.27557235	4.50893042	1.86742200	4.98935823	2.72283112	0.00000000	2.25868273	6.44792335	5.12963700	2.28028725	2.59591320	5.29598509	3.89059671	1.64856025	2.16163693	0.42102573	1.83267768	3.91048305	2.56137396	5.38634559	2.29532255	4.69746700	0.93965499	2.34500115	1.80846942
1.61146182	5.41916406	2.04308027	3.23792166	2.44184105	2.96377127	2.41049587	5.27360776	4.16879627	3.60095936	2.79683949	5.34774954	1.98337846	1.59508444	0.54634088	1.08508178	2.02849567	1.94906397	3.66764982	4.39573358	1.77799230	2.82310284	3.14482435	5.39918850	2.56290021	3.20653450	4.27526491	3.20928130	4.34714529	2.29197619	2.25868273	0.00000000	5.58488362	4.28216045	0.61064810	1.89039184	4.32279029	2.88567769	2.36844546	2.53796762	1.83779847	2.25548415	3.45967366	3.55492809	4.19247061	1.19002186	3.78616738	1.94053830	1.11998416	1.12757337
4.49498823	0.38345221	6.06036165	8.24094829	6.85475486	2.93773468	3.22245482	0.31924820	9.26798411	3.71681931	8.11827291	0.84352422	5.24361682	4.14405203	5.76538208	4.56305706	5.44654715	4.19401390	3.61790156	1.90773871	7.34662154	7.15552010	8.47036114	1.34897596	5.53648929	2.37869694	2.22222281	8.22385218	1.48146749	3.73695237	6.44792335	5.58488362	0.00000000	1.33732268	5.00696852	7.47505214	1.26285318	2.71803151	4.87284345	4.35864561	6.24296147	7.62198184	2.55737170	8.80298933	1.52784995	6.77463303	1.81745550	6.91664471	6.70409275	4.92964299
3.15906512	1.13701494	4.74079287	6.90807789	5.53357017	1.62145215	1.89359020	1.05333535	7.93484170	2.61389047	6.78136982	1.46367729	3.93028452	2.80990556	4.43823097	3.24088138	4.13467301	2.86359850	2.53060938	1.04673245	6.05466075	5.84301816	7.13326887	1.41859752	4.26067559	1.09287541	1.31138455	6.89057350	0.45147770	2.40975960	5.12963700	4.28216045	1.33732268	0.00000000	3.69340378	6.16839883	0.30693271	1.39787718	3.58682368	3.08315498	4.91291284	6.28673268	1.30276042	7.46588705	0.81666909	5.46878906	0.49643382	5.57999390	5.40194797	3.59284870
1.07741031	4.82950811	1.98174403	3.57158708	2.55120651	2.35323151	1.81019772	4.69871791	4.55045507	3.04930533	3.23470856	4.80793147	1.67841260	0.98663816	0.81124493	0.47443639	1.77953965	1.38668554	3.10905187	3.78511131	2.38315422	2.93629668	3.58921178	4.79007755	2.29659802	2.62961400	3.66584556	3.54593539	3.74398159	1.69596661	2.28028725	0.61064810	5.00696852	3.69340378	0.00000000	2.47622931	3.74799587	2.29554535	1.96315844	2.03961107	1.88115487	2.70369973	2.84910126	3.97628781	3.64951316	1.77818404	3.19882082	2.21290939	1.71625542	0.68847762
3.27049450	7.30499906	2.67383676	2.24234377	2.46066425	4.78553710	4.28575691	7.16398410	2.85529654	5.16242045	1.48282420	7.22625978	3.15660131	3.41810503	1.80126486	2.93881112	3.07657631	3.63075314	5.24848370	6.21865269	0.33631244	2.70058442	1.72685500	7.24174713	3.51855576	5.09648007	6.06779523	2.20871342	6.21545272	4.04483101	2.59591320	1.89039184	7.47505214	6.16839883	2.47622931	0.00000000	6.21313041	4.77065824	3.66921204	4.02401779	2.31067849	1.09617611	5.27844590	2.16595772	6.07465329	0.70042373	5.67307001	1.69535657	0.77510211	2.74757691
3.29422494	1.15007987	4.90639623	7.04630138	5.69527257	1.81209714	1.98082743	0.95102387	8.07137226	2.88972199	6.88719061	1.22420952	4.10596258	2.90815056	4.51441964	3.30941832	4.31124055	3.01799318	2.81008975	1.35280726	6.08380498	6.01471472	7.24084341	1.62565261	4.46607846	1.11838480	1.61784348	7.02767789	0.75512337	2.57401955	5.29598509	4.32279029	1.26285318	0.30693271	3.74799587	6.21313041	0.00000000	1.47067831	3.78810880	3.29430388	5.06089383	6.38328216	1.54841045	7.58451798	0.53163652	5.51271196	0.59851967	5.70473582	5.44167692	3.70238565
1.85551095	2.53434731	3.50252898	5.59492566	4.27902726	0.72755506	0.51141492	2.41509876	6.61722103	2.14037403	5.41739199	2.61903690	2.73445319	1.43918584	3.04745646	1.84552219	2.93858950	1.62067012	2.11041832	1.70485755	4.66051339	4.61538165	5.77134065	2.59569946	3.17747337	0.38498729	1.72070631	5.57526661	1.49273744	1.22433135	3.89059671	2.88567769	2.71803151	1.39787718	2.29554535	4.77065824	1.47067831	0.00000000	2.50342891	2.07200213	3.62638144	4.91260417	0.96337222	6.11873137	1.49579733	4.07121969	0.90367967	4.24412942	4.00505439	2.23633434
1.00364991	4.57502117	1.29103442	3.52192692	2.06080965	1.97611702	2.08633099	4.62354583	4.53121779	1.57722059	3.63276724	5.00980241	0.52458264	1.50504326	2.02929448	1.73542826	0.67065247	0.96992033	1.67940928	3.11952760	3.74304738	2.31298637	3.94952718	4.14010398	0.67999216	2.87555334	2.86467928	3.51185656	3.39626261	1.28038229	1.64856025	2.36844546	4.87284345	3.58682368	1.96315844	3.66921204	3.78810880	2.50342891	0.00000000	0.52070729	1.58562186	3.25815859	2.31575652	4.18636889	3.96338802	3.11308570	3.19767569	2.37535560	3.10933512	1.27853988
0.96744197	4.05715925	1.79479157	4.02972399	2.57471649	1.48818742	1.70624737	4.11356764	5.04340307	1.14120565	4.10524076	4.51818847	0.98656407	1.33755856	2.29357892	1.70529474	1.16444248	0.74940647	1.23274610	2.59941210	4.06395180	2.83322283	4.42998343	3.62256482	1.17902112	2.43040723	2.34752518	4.01865576	2.87998009	0.88546379	2.16163693	2.53796762	4.35864561	3.08315498	2.03961107	4.02401779	3.29430388	2.07200213	0.52070729	0.00000000	2.06611259	3.70548799	1.80144899	4.68223619	3.49680353	3.42339817	2.71001507	2.84358176	3.40647165	1.41054930
1.77136693	5.98243950	0.36605595	2.00206571	0.68489796	3.30942792	3.12473370	5.96623608	3.02860369	3.16257617	2.04724225	6.24376438	1.07957930	2.23176673	1.29361596	2.04612747	0.91534144	2.04941643	3.26503084	4.61668424	2.47797722	1.06307984	2.36546001	5.65518400	1.23907490	4.00978406	4.38835192	1.98677961	4.80503736	2.50619100	0.42102573	1.83779847	6.24296147	4.91291284	1.88115487	2.31067849	5.06089383	3.62638144	1.58562186	2.06611259	0.00000000	1.69541268	3.73723818	2.62095102	5.11722210	1.93762256	4.46382131	0.79431950	1.97809348	1.46362013
3.16999154	7.40363390	2.04545582	1.16954789	1.57238918	4.76256628	4.40305690	7.32477535	1.94668984	4.83045844	0.54195316	7.49190988	2.73649387	3.47810260	1.89548499	3.09174485	2.59665989	3.51121868	4.92918188	6.15231756	1.41674299	1.72046349	0.89015093	7.19468409	2.92237213	5.27492061	5.95442905	1.13599243	6.25457963	3.96580414	1.83267768	2.25548415	7.62198184	6.28673268	2.70369973	1.09617611	6.38328216	4.91260417	3.25815859	3.70548799	1.69541268	0.00000000	5.23172579	1.30327276	6.33479059	1.33893624	5.80562721	0.90925053	1.43983746	2.69726285
2.06301596	2.26297511	3.52660117	5.73861319	4.32110525	0.49596679	1.16275222	2.31438791	6.76402148	1.37861205	5.69507537	2.76275956	2.70367255	1.86865844	3.48406364	2.37480083	2.90369245	1.72200994	1.31499121	0.94028257	5.22076342	4.60888172	6.03921168	1.97093788	2.97990860	1.07647682	0.83331723	5.72381908	1.08171015	1.26601907	3.91048305	3.45967366	2.55737170	1.30276042	2.84910126	5.27844590	1.54841045	0.96337222	2.31575652	1.80144899	3.73723818	5.23172579	0.00000000	6.34057330	1.86810075	4.59612178	1.02216556	4.45528034	4.54557009	2.55972545
4.31014952	8.56282166	2.89595876	0.74821358	2.16921881	5.89417127	5.60733988	8.51430547	0.69000411	5.75034750	0.76221632	8.72328098	3.69696075	4.68000953	3.16513457	4.33621409	3.51977139	4.62704009	5.85637399	7.23340501	2.49953012	2.06683810	0.44225797	8.27366895	3.69867664	6.49079384	7.00887800	0.74171582	7.39473524	5.08783830	2.56137396	3.55492809	8.80298933	7.46588705	3.97628781	2.16595772	7.58451798	6.11873137	4.18636889	4.68223619	2.62095102	1.30327276	6.34057330	0.00000000	7.57113753	2.60322547	6.99644115	1.88857208	2.70529394	3.88262159
3.34861852	1.53225045	4.99832630	7.07209532	5.77375006	2.01658031	1.99249525	1.21290819	8.09006779	3.24478257	6.85306187	1.15848873	4.22573211	2.90391050	4.44378544	3.24315175	4.43050437	3.11415542	3.17580666	1.85253669	5.91974854	6.11117782	7.20837990	2.14135581	4.64277030	1.11081048	2.09472602	7.05141205	1.26629022	2.70008242	5.38634559	4.19247061	1.52784995	0.81666909	3.64951316	6.07465329	0.53163652	1.49579733	3.96338802	3.49680353	5.11722210	6.33479059	1.86810075	7.57113753	0.00000000	5.37723907	0.84654721	5.71219574	5.29957452	3.70238392
2.61668928	6.60554230	2.27719507	2.48717550	2.27070927	4.10166178	3.58835075	6.46357605	3.27171069	4.55128114	1.85199039	6.53020950	2.62119649	2.73047861	1.14562330	2.24382804	2.57339538	2.97587808	4.63228891	5.53627308	0.64284082	2.58356703	2.16507286	6.55444051	3.05928415	4.39607860	5.39382318	2.45435221	5.52050900	3.37584352	2.29532255	1.19002186	6.77463303	5.46878906	1.77818404	0.70042373	5.51271196	4.07121969	3.11308570	3.42339817	1.93762256	1.33893624	4.59612178	2.60322547	5.37723907	0.00000000	4.97327904	1.53293778	0.10207572	2.09233132
2.69913364	1.63324191	4.30787713	6.45162515	5.09685209	1.22270222	1.40505554	1.51966761	7.47727742	2.39823664	6.30476156	1.81258354	3.50815886	2.32754482	3.94891201	2.74877090	3.71349446	2.41968016	2.32973253	1.17068832	5.55826717	5.41632526	6.65762901	1.82124601	3.87680109	0.60232375	1.34575464	6.43329007	0.71365835	1.97566788	4.69746700	3.78616738	1.81745550	0.49643382	3.19882082	5.67307001	0.59851967	0.90367967	3.19767569	2.71001507	4.46382131	5.80562721	1.02216556	6.99644115	0.84654721	4.97327904	0.00000000	5.11391195	4.90604293	3.11685176
2.42228304	6.67433959	1.13714940	1.36954404	0.76724891	4.00587302	3.73356707	6.62992574	2.37840987	3.95242319	1.26175778	6.85789010	1.86102187	2.80985510	1.43845853	2.50969186	1.70693993	2.73897833	4.05377887	5.35585365	1.93217542	1.05135231	1.59227438	6.39791977	2.01324745	4.62038252	5.14014258	1.34632011	5.50641051	3.19970974	0.93965499	1.94053830	6.91664471	5.57999390	2.21290939	1.69535657	5.70473582	4.24412942	2.37535560	2.84358176	0.79431950	0.90925053	4.45528034	1.88857208	5.71219574	1.53293778	5.11391195	0.00000000	1.60656298	2.01047877
2.58250104	6.53892153	2.31119608	2.58544711	2.33546012	4.05042210	3.52581245	6.39225377	3.37367970	4.52956393	1.95396125	6.45121795	2.62427306	2.67785414	1.11800535	2.18529897	2.58433088	2.94051379	4.60889978	5.48529782	0.67755585	2.65515514	2.26708012	6.50006796	3.07789349	4.32611592	5.34751081	2.55270805	5.46021602	3.33344467	2.34500115	1.11998416	6.70409275	5.40194797	1.71625542	0.77510211	5.44167692	4.00505439	3.10933512	3.40647165	1.97809348	1.43983746	4.54557009	2.70529394	5.29957452	0.10207572	4.90604293	1.60656298	0.00000000	2.05898357
0.52444216	4.70646410	1.45630057	3.37050219	2.14671229	2.07772645	1.72505809	4.63629633	4.38773367	2.49170670	3.18863756	4.84747511	1.00435262	0.79941016	0.94861298	0.60975536	1.12857231	0.88423395	2.56461873	3.49490285	2.73349148	2.51689742	3.54100403	4.53064986	1.62657445	2.61055174	3.32739032	3.34945812	3.56005631	1.30377906	1.80846942	1.12757337	4.92964299	3.59284870	0.68847762	2.74757691	3.70238565	2.23633434	1.27853988	1.41054930	1.46362013	2.69726285	2.55972545	3.88262159	3.70238392	2.09233132	3.11685176	2.01047877	2.05898357	0.00000000

EDGE_KM_T
0.00000000	5.65854892	1.69994018	4.67189050	2.61510648	2.18798470	1.45216915	5.36866564	5.98809302	2.41360610	4.95407076	5.21206328	1.25275765	0.71979952	2.04391822	0.96770675	1.43981438	0.50411004	2.55832111	4.21157902	4.47006565	2.80754644	5.39684181	5.66221103	2.12835805	2.51602726	3.97804949	4.66792770	4.19158105	1.11863519	2.06506506	1.95584669	5.81972569	4.06034021	1.09995016	4.57920075	4.05286040	2.10610136	1.40742666	1.07821906	2.05869782	4.39476067	2.88309578	5.68298791	3.69704977	3.60535466	3.36028779	3.17363277	3.52532077	0.72514045
5.65938957	0.00000000	7.27831649	10.33206513	8.27502405	3.47110699	4.20692463	0.53640625	11.64847849	3.48505539	10.61415538	1.54434580	6.20155156	5.40459610	7.70348709	6.09392301	6.42390016	5.15523254	3.42388852	1.64823722	10.12982154	8.46754080	11.05700077	1.38341410	6.11236552	3.14287746	2.02841804	10.32809671	1.46721551	4.54061659	7.72490101	7.61532211	0.51775891	1.59840244	6.75934471	10.23901912	1.60583567	3.55288726	5.47593512	4.81719902	7.71846807	10.05472699	2.77593020	11.34323885	1.96161281	9.26504680	2.29853706	8.83350975	9.18499104	6.38459220
1.69994833	7.27714045	0.00000000	3.05333548	0.99654566	3.80656407	3.07074848	6.98725777	4.36954277	4.03218116	3.33551371	6.83065748	1.07660228	2.41975024	2.10201820	2.66765639	0.85429738	2.12268379	4.17689669	5.83016298	2.85150120	1.18898736	3.77828644	7.28079919	1.16587226	4.13461083	5.59663195	3.04937255	5.81016704	2.73721098	0.44650240	2.86970724	7.43831887	5.67892741	2.75433700	2.96063770	5.67144864	3.72468304	1.80215779	2.46078844	0.44013369	2.77620096	4.50167663	4.06443461	5.31563876	2.53455046	4.97887314	1.55507104	2.65473528	1.85570027
4.67142311	10.32947147	3.05307432	0.00000000	2.05663099	6.85923045	6.12341615	10.03957216	1.31607701	7.08496628	1.10648550	9.88291442	4.12957380	4.92604680	2.91948718	4.23679679	3.90729651	5.17550517	7.22966792	8.88270286	3.63296571	1.86423674	0.86839061	10.33322332	4.21889682	7.18716168	8.64921324	0.04746669	8.86265107	5.78997626	2.60662382	3.68711849	10.49060409	8.73137813	3.57169829	3.16996024	8.72387058	6.77728573	4.85509078	5.51365478	2.61295193	1.63067502	7.55430241	1.01105197	8.36804002	3.35209562	8.03137465	1.49808054	3.47226693	3.94631968
2.61504887	8.27350597	0.99652387	2.05675599	0.00000000	4.80300104	4.06718572	7.98361975	3.37293553	5.02864343	2.33894606	7.82700722	2.07310425	2.93999806	2.62230362	3.18791055	1.85080523	3.11915378	5.17335599	6.82657300	3.33569120	0.51081029	2.78170901	8.27718455	2.16238553	5.13102318	6.59305079	2.05279380	6.80656516	3.73366902	0.55003252	3.38998036	8.43467464	6.67531843	3.27459949	2.87265535	6.66783353	4.72110645	2.79865155	3.45726801	0.79284974	1.77964888	5.49810495	3.06784508	6.31201925	3.05485211	5.97527499	0.93026418	3.17503405	2.37597028
2.18812036	3.47081140	3.80684994	6.86036840	4.80346731	0.00000000	0.73581650	3.18094039	8.17666695	1.98558612	7.14250766	3.04334951	2.73017562	1.93338484	4.23212024	2.62268550	2.95249988	1.68398891	1.92443150	2.02368756	6.65835284	4.99594224	7.58531257	3.47440489	2.66823035	1.38400030	1.79012751	6.85640304	2.00373076	1.06942242	4.25338871	4.14400615	3.63202194	1.87251447	3.28807279	6.76751640	1.86505588	1.02567310	2.00459312	1.61797474	4.24699155	6.58314370	0.69514101	7.87150056	2.41986553	5.79361282	1.27099950	5.36197511	5.71356896	2.91328912
1.45218516	4.20640928	3.07076931	6.12411811	4.06732019	0.73581566	0.00000000	3.91652746	7.44033203	2.70219736	6.40629350	3.75993013	2.50908101	1.19749235	3.49611308	1.88677367	2.69614017	1.33010369	2.64105176	2.75942106	5.92227063	4.25976431	6.84906857	4.21006323	3.38468606	1.06386834	2.52588790	6.12015500	2.73942799	1.11325910	3.51727436	3.40803650	4.36759006	2.60819007	2.55213559	6.03140910	2.60071279	0.65393790	2.66374665	2.33453322	3.51090358	5.84697703	1.43093030	7.13521964	2.24490397	5.05755619	1.90813319	4.62584429	4.97752111	2.17732897
5.36933523	0.53640011	6.98817943	10.04183157	7.98484919	3.18112064	3.91693780	0.00000000	11.35819680	4.02128777	10.32394238	1.00791833	5.91145248	5.11456604	7.41339182	5.80388195	6.13379088	4.86518892	3.96012604	2.18456019	9.83968358	8.17734840	10.76677080	1.91977982	5.82224684	2.85293377	2.56472572	10.03786444	1.33686268	4.25059370	7.43474477	7.32524817	0.45109650	1.30849574	6.46928923	9.94886690	1.31593959	3.26292443	5.18585027	4.52713879	7.42832684	9.76454099	2.48595884	11.05298787	1.67172438	8.97492340	2.00861160	8.54334415	8.89487262	6.09452366
5.98730704	11.64519240	4.36902851	1.31603614	3.37261729	8.17505662	7.43924272	11.35528787	0.00000000	8.40082972	1.72123736	11.19861210	5.44549572	6.24191010	3.94353033	5.55266943	5.22322710	6.49137999	8.54552700	10.19848934	4.24765383	3.18023793	1.48315688	11.64897347	5.53483540	8.50295160	9.96501271	1.31999451	10.17842002	7.10583348	3.92259430	4.30175224	11.80631064	10.04713662	4.88736080	3.78466048	10.03962004	8.09309192	6.17100063	6.82954371	3.92890967	2.24540394	8.87011584	0.92693876	9.68378299	3.96677138	9.34714908	2.81405897	4.08693846	5.26221567
2.41371878	3.48510398	4.03266972	7.08644642	5.02938827	1.98570351	2.70238977	4.02151201	8.40287380	0.00000000	7.36853069	5.02945769	2.95589375	2.16569063	4.45782817	2.84824836	3.17824532	1.90955863	0.14473899	1.83684443	6.88417503	5.22191012	7.81138102	3.24922785	2.86671340	3.36981800	1.56479513	7.08247763	2.68456855	1.58897075	4.47925981	4.36965700	4.00286778	3.30944775	3.51367424	6.99337676	3.74347636	3.01143956	2.23027318	1.57152993	4.47282251	6.80909444	1.89227452	8.09762521	4.40583109	6.01939606	3.25686597	5.58787128	5.93933885	3.13892552
4.95339014	10.61111590	3.33518045	1.10645094	2.33880070	7.14108315	6.40526965	10.32120626	1.72118018	7.36689275	0.00000000	10.16451284	4.41161605	5.20797299	2.90964748	4.51874148	4.18935592	5.45745417	7.51158576	9.16447700	2.52635401	2.14643593	0.44269825	10.61492557	4.50097204	7.46894263	8.93101310	1.05898641	9.14439052	6.07189041	2.88876220	2.99762751	10.77222006	9.01309689	3.85344485	2.06337252	9.00557147	7.05909888	5.13710911	5.79563170	2.89506509	0.55919423	7.83612990	0.79426699	8.64972806	2.24545945	8.31312495	1.78023467	2.36562237	4.22831058
5.21249566	1.54427988	6.83122327	9.88473940	7.82783973	3.04334603	3.76019338	1.00788843	11.20103677	5.02893113	10.16687917	0.00000000	5.75454986	4.95776071	7.25649457	5.64706111	5.97687388	4.70836447	4.96777663	3.19233123	9.68272615	8.02031424	10.60968366	2.92761112	5.71157326	2.69625017	3.57247520	9.88077407	2.34466280	4.09379846	7.27776158	7.16838098	1.02656174	1.71981679	6.31244806	9.79188937	1.28581687	3.10621384	5.02896770	4.66131904	7.27136479	9.60751586	3.13681550	10.89587114	1.51511866	8.81798648	1.85195370	8.38634776	8.73794274	5.93766409
1.25279614	6.20071847	1.07663122	4.13004022	2.07320570	2.73004769	2.50915098	5.91084048	5.44628418	2.95563135	4.41220279	5.75425636	0.00000000	1.97261656	1.65483482	2.22051432	0.22231268	1.17901190	3.10035078	4.75368221	3.92813311	2.26566074	4.85498845	6.20435100	0.87561727	3.17641477	4.52013952	4.12607631	4.73370199	1.66066675	1.52314824	2.42254012	6.36190979	4.60247173	2.30718395	4.03728048	4.59500107	2.81810931	0.72556635	1.38421576	1.51676810	3.85286947	3.42517167	5.14115262	4.23919701	3.06340960	3.90240317	2.63172401	2.98337140	1.40853726
0.71978584	5.40376752	2.41967945	4.92646295	2.93998574	1.93327304	1.19745776	5.11388079	6.24263837	2.16568975	5.20865478	4.95726648	1.97251830	0.00000000	2.29856855	0.68927252	2.15956929	0.79358535	2.30363127	3.95684105	4.72469194	3.45079453	5.65141627	5.40744900	2.84810767	2.26129158	3.72332014	4.92250087	3.93683147	0.86394411	2.74252286	2.21050904	5.56493477	3.80558370	1.35462290	4.83381901	3.79809791	1.85137645	2.12719532	1.79800160	2.31332227	4.64935991	2.62837568	5.93755055	3.44228298	3.85998915	3.10554184	3.42824349	3.77995806	0.97980583
2.04379703	7.70177774	2.10189031	2.91943831	2.62210593	4.23158037	3.49576624	7.41187627	3.94362274	4.45733169	2.90980387	7.25521106	1.65482026	2.29841214	0.00000000	1.60916601	1.84184677	2.54787530	4.60203151	6.25503631	2.42602100	3.13287268	3.35252466	7.70554170	2.53036262	4.55949656	6.02155208	2.87197207	6.23497725	3.16233908	2.42468773	0.76762377	7.86290440	6.10369997	0.94385023	2.53511386	6.09618868	4.14962736	2.22747547	2.88603077	1.82933972	2.35057377	4.92664705	3.63860857	5.74035542	1.56135311	5.40370310	1.69186476	1.48133399	1.31869861
0.96768419	6.09283742	2.66748394	4.23697202	3.18774733	2.62248349	1.88666875	5.80294372	5.55309282	2.84817936	4.51918717	5.64630533	2.22036589	0.68926003	1.60923453	0.00000000	2.40740530	1.04149587	2.99288567	4.64599849	4.03530947	3.69853623	4.96192940	6.09655792	3.09593302	2.95045361	4.41249492	4.23301140	4.62596550	1.55319602	2.99030559	1.52119921	6.25398547	4.49470377	0.66533402	4.14442036	4.48720591	2.54056021	2.37505906	2.04589327	2.39493862	3.95992294	3.31756912	5.24803985	4.13138231	3.17062319	3.79468319	2.73882965	3.09059777	0.81190676
1.43985931	6.42302061	0.85431736	3.90772224	1.85089021	2.95235512	2.69621127	6.13314236	5.22396414	3.17794065	4.18988569	5.97655733	0.22231225	2.15967870	1.84189974	2.40757693	0.00000000	1.36607462	3.32265987	4.97598765	3.70581920	2.04334451	4.63267062	6.42665461	0.68855135	3.36347322	4.74244561	3.90375839	4.95600655	1.88297574	1.30083355	2.60960413	6.58421121	4.82477576	2.49424717	3.81496597	4.81730464	3.00516857	0.94787799	1.60652635	1.29445405	3.63055351	3.64747847	4.91883390	4.46150026	2.84109631	4.12470800	2.40940892	2.76105833	1.59560104
